2.460800500000000000e+06 0.000000000000000000e+00 0.000000000000000000e+00 0.000000000000000000e+00 0.000000000000000000e+00 0.000000000000000000e+00
6.615495514957530077e-01 8.514997274540418992e-01 2.460636917576658074e+06 2.713656162715694791e+02 1.343613593348023016e+02 3.408179132349072216e+00
2.608938895461497147e-11 -3.803661129981259247e-12 2.873849227153653148e-10 -1.733876377927028082e-11 -1.032851206034762980e-10 9.550359360840979003e-11
-3.803661129981259247e-12 5.553626097763501741e-13 -4.189406370096824745e-11 2.419701331851550985e-12 1.524488527514402048e-11 -1.393107666970920997e-11
2.873849227153653148e-10 -4.189406370096824745e-11 3.177656179065890895e-09 -1.663705304812707914e-10 -1.151405670241433964e-09 1.053497457644722928e-09
-1.733876377927028082e-11 2.419701331851550985e-12 -1.663705304812707914e-10 9.472200934265783687e-11 -3.116311793610190020e-12 -5.615145503710166234e-11
-1.032851206034762980e-10 1.524488527514402048e-11 -1.151405670241433964e-09 -3.116311793610190020e-12 4.859968062699330802e-10 -3.848014102023438146e-10
9.550359360840979003e-11 -1.393107666970920997e-11 1.053497457644722928e-09 -5.615145503710166234e-11 -3.848014102023438146e-10 3.508936338051924842e-10
