{"spice_id": "2024YR4", "obj_id": "2024_YR4", "date_imp": "2032-12-22.59", "orbit": {"t_jup": "3.109", "last_obs": "2025-02-18", "condition_code": "4", "moid_jup": "1.2715", "model_pars": [], "moid": ".00282826", "n_dop_obs_used": null, "orbit_id": "57", "n_del_obs_used": null, "first_obs": "2024-12-25", "pe_used": "DE441", "covariance": {"epoch": "2460694.5", "labels": ["e", "q", "tp", "node", "peri", "i"], "data": [["6.594813443300151E-11", "-9.648032583591167E-12", "7.20481126480599E-10", "-4.682209823737931E-11", "-2.665014049441903E-10", "2.425492489318083E-10"], ["-9.648032583591167E-12", "1.412309553520266E-12", "-1.05396233881616E-10", "6.74611797300711E-12", "3.917509213027281E-11", "-3.549146356532316E-11"], ["7.20481126480599E-10", "-1.05396233881616E-10", "7.884164831721398E-9", "-4.85374059800791E-10", "-2.925584966953755E-9", "2.651461748773176E-9"], ["-4.682209823737931E-11", "6.74611797300711E-12", "-4.85374059800791E-10", "1.196900202303484E-10", "1.159599702541048E-10", "-1.644561754370964E-10"], ["-2.665014049441903E-10", "3.917509213027281E-11", "-2.925584966953755E-9", "1.159599702541048E-10", "1.155217369123289E-9", "-9.871776125597834E-10"], ["2.425492489318083E-10", "-3.549146356532316E-11", "2.651461748773176E-9", "-1.644561754370964E-10", "-9.871776125597834E-10", "8.934381585764773E-10"]], "elements": [{"name": "e", "title": "eccentricity", "label": "e", "sigma": 8.12084567228078e-06, "value": ".6616221997710975", "units": null}, {"value": ".8515151228154074", "sigma": 1.18840630826341e-06, "units": "au", "title": "perihelion distance", "name": "q", "label": "q"}, {"title": "time of perihelion passage", "name": "tp", "label": "tp", "value": "2460636.924592912495", "sigma": 8.87928197081352e-05, "units": "TDB"}, {"label": "node", "title": "longitude of the ascending node", "name": "om", "units": "deg", "value": "271.3680439745675", "sigma": 1.09402934252399e-05}, {"value": "134.3641851542753", "sigma": 3.39884887737494e-05, "units": "deg", "title": "argument of perihelion", "name": "w", "label": "peri"}, {"sigma": 2.98904359047585e-05, "value": "3.408344156920807", "units": "deg", "name": "i", "title": "inclination", "label": "i"}]}, "soln_date": "2025-02-18 06:02:50", "rms": ".45284", "epoch": "2460800.5", "equinox": "J2000", "elements": [{"units": null, "value": ".6615558486555476", "sigma": "8.1207E-6", "label": "e", "title": "eccentricity", "name": "e"}, {"title": "semi-major axis", "name": "a", "label": "a", "value": "2.515921165712452", "sigma": "5.6854E-5", "units": "au"}, {"sigma": "1.1893E-6", "value": ".8514988037790963", "units": "au", "name": "q", "title": "perihelion distance", "label": "q"}, {"units": "deg", "value": "3.408202384437307", "sigma": "2.9892E-5", "label": "i", "title": "inclination; angle with respect to x-y ecliptic plane", "name": "i"}, {"label": "node", "name": "om", "title": "longitude of the ascending node", "units": "deg", "sigma": "1.0915E-5", "value": "271.3656117945903"}, {"sigma": "3.405E-5", "value": "134.3613334708111", "units": "deg", "name": "w", "title": "argument of perihelion", "label": "peri"}, {"name": "ma", "title": "mean anomaly", "label": "M", "sigma": ".0013914", "value": "40.40126713468843", "units": "deg"}, {"title": "time of perihelion passage", "name": "tp", "label": "tp", "value": "2460636.917645211597", "sigma": "8.8848E-5", "units": "TDB"}, {"value": "1457.618829812957", "sigma": ".049409", "units": "d", "title": "sidereal orbital period", "name": "per", "label": "period"}, {"sigma": "8.3718E-6", "value": ".2469781486331345", "units": "deg/d", "name": "n", "title": "mean motion", "label": "n"}, {"value": "4.180343527645808", "sigma": "9.4467E-5", "units": "au", "title": "aphelion distance", "name": "ad", "label": "Q"}], "producer": "Davide Farnocchia", "not_valid_before": null, "source": "JPL", "comment": null, "two_body": null, "data_arc": "55", "n_obs_used": 370, "sb_used": "SB441-N16", "not_valid_after": null}, "signature": {"source": "NASA/JPL Small-Body Database (SBDB) API", "version": "1.3"}, "object": {"orbit_class": {"code": "APO", "name": "Apollo"}, "fullname": "(2024 YR4)", "des": "2024 YR4", "neo": true, "kind": "au", "prefix": null, "pha": false, "orbit_id": "57", "spkid": "54509621"}, "jd_0": 2460800.5, "jd_imp": 2463589.09, "time_seg": 240934175.99998713, "obj_suf": "obj_2024_YR4-orbit_57", "orbit_id": "57", "file_orbit": "assets/data/2024_YR4/elements-obj_2024_YR4-orbit_57.csv", "jd0_suf": "jd0_246080050"}