2.460800500000000000e+06 0.000000000000000000e+00 0.000000000000000000e+00 0.000000000000000000e+00 0.000000000000000000e+00 0.000000000000000000e+00
6.615518201021749478e-01 8.514993952245121234e-01 2.460636917601552792e+06 2.713656150942837257e+02 1.343613498050428063e+02 3.408187569406583073e+00
4.451128571501503963e-11 -6.504315137097203751e-12 4.876651421788065485e-10 -3.084941290535184803e-11 -1.786903824439265927e-10 1.634617003945558942e-10
-6.504315137097203751e-12 9.512814291550752114e-13 -7.125425261768555319e-11 4.402537901862155961e-12 2.629818155934574931e-11 -2.389343172783002124e-11
4.876651421788065485e-10 -7.125425261768555319e-11 5.355454041231569315e-09 -3.123653255046341849e-10 -1.971670818289162201e-09 1.792459586650249045e-09
-3.084941290535184803e-11 4.402537901862155961e-12 -3.123653255046341849e-10 1.067204258904490991e-10 5.108205675154992915e-11 -1.056840137013246044e-10
-1.786903824439265927e-10 2.629818155934574931e-11 -1.971670818289162201e-09 5.108205675154992915e-11 7.952341202507540158e-10 -6.631332546959107132e-10
1.634617003945558942e-10 -2.389343172783002124e-11 1.792459586650249045e-09 -1.056840137013246044e-10 -6.631332546959107132e-10 6.016354738453765377e-10
